  1  0.0050000000000000  0.0000000000000000
  2  0.0150000000000000  0.0000000000000000
  3  0.0250000000000000  0.0000000000000000
  4  0.0350000000000000  0.0000000000000000
  5  0.0450000000000000  0.0000000000000000
  6  0.0550000000000000  0.0000000000000000
  7  0.0650000000000000  0.0000000000000000
  8  0.0750000000000000  0.0000000000000000
  9  0.0850000000000000  0.0000000000000000
 10  0.0950000000000000  0.0000000000000000
 11  0.1050000000000000  0.0000000000000000
 12  0.1150000000000000  0.0000000000000000
 13  0.1250000000000000  0.0000000000000000
 14  0.1350000000000000  0.0000000000000000
 15  0.1450000000000000  0.0000000000000000
 16  0.1550000000000000  0.0000000000000000
 17  0.1650000000000000  0.0000000000000000
 18  0.1750000000000000  0.0000000000000000
 19  0.1850000000000000  0.0000000000000000
 20  0.1950000000000000  0.0000000000000000
 21  0.2050000000000000  0.0000000000000000
 22  0.2150000000000000  0.0000000000000000
 23  0.2250000000000000  0.0000000000000000
 24  0.2350000000000000  0.0000000000000000
 25  0.2450000000000000  0.0000000000000000
 26  0.2550000000000000  0.3678794147013307
 27  0.2650000000000000  0.7357589024059552
 28  0.2750000000000000  0.9196985895007352
 29  0.2850000000000000  0.9810118310766978
 30  0.2950000000000000  0.9963401521610183
 31  0.3050000000000000  0.9994058169003435
 32  0.3150000000000000  0.9999167598300495
 33  0.3250000000000000  0.9999897511120419
 34  0.3350000000000000  0.9999988748678164
 35  0.3450000000000000  0.9999998885872873
 36  0.3550000000000000  0.9999999899541656
 37  0.3650000000000000  0.9999999991686407
 38  0.3750000000000000  0.9999999999364310
 39  0.3850000000000000  0.9999999999954833
 40  0.3950000000000000  0.9999999999997005
 41  0.4050000000000000  0.9999999999999816
 42  0.4150000000000000  0.9999999999999991
 43  0.4250000000000000  1.0000000000000000
 44  0.4350000000000000  1.0000000000000000
 45  0.4450000000000000  1.0000000000000000
 46  0.4550000000000000  1.0000000000000000
 47  0.4650000000000000  1.0000000000000000
 48  0.4750000000000000  1.0000000000000000
 49  0.4850000000000000  1.0000000000000000
 50  0.4950000000000000  1.0000000000000000
 51  0.5050000000000000  1.0000000000000000
 52  0.5150000000000000  1.0000000000000000
 53  0.5250000000000000  1.0000000000000000
 54  0.5350000000000000  1.0000000000000000
 55  0.5450000000000000  1.0000000000000000
 56  0.5550000000000000  1.0000000000000000
 57  0.5650000000000001  1.0000000000000000
 58  0.5750000000000000  1.0000000000000000
 59  0.5850000000000000  1.0000000000000000
 60  0.5950000000000000  1.0000000000000000
 61  0.6050000000000000  1.0000000000000000
 62  0.6150000000000000  1.0000000000000000
 63  0.6250000000000000  1.0000000000000000
 64  0.6350000000000000  1.0000000000000000
 65  0.6450000000000000  1.0000000000000000
 66  0.6550000000000000  1.0000000000000000
 67  0.6650000000000000  1.0000000000000000
 68  0.6750000000000000  1.0000000000000000
 69  0.6850000000000001  1.0000000000000000
 70  0.6950000000000001  1.0000000000000000
 71  0.7050000000000000  1.0000000000000000
 72  0.7150000000000000  1.0000000000000000
 73  0.7250000000000000  1.0000000000000000
 74  0.7350000000000000  1.0000000000000000
 75  0.7450000000000000  1.0000000000000000
 76  0.7550000000000000  0.6321205852986691
 77  0.7650000000000000  0.2642410975940452
 78  0.7750000000000000  0.0803014104992646
 79  0.7850000000000000  0.0189881689233021
 80  0.7950000000000000  0.0036598478389818
 81  0.8050000000000000  0.0005941830996567
 82  0.8150000000000001  0.0000832401699503
 83  0.8250000000000001  0.0000102488879579
 84  0.8350000000000000  0.0000011251321835
 85  0.8450000000000000  0.0000001114127124
 86  0.8550000000000000  0.0000000100458343
 87  0.8650000000000000  0.0000000008313590
 88  0.8750000000000000  0.0000000000635689
 89  0.8850000000000000  0.0000000000045169
 90  0.8950000000000000  0.0000000000002997
 91  0.9050000000000000  0.0000000000000187
 92  0.9150000000000000  0.0000000000000011
 93  0.9250000000000000  0.0000000000000001
 94  0.9350000000000001  0.0000000000000000
 95  0.9450000000000001  0.0000000000000000
 96  0.9550000000000000  0.0000000000000000
 97  0.9650000000000000  0.0000000000000000
 98  0.9750000000000000  0.0000000000000000
 99  0.9850000000000000  0.0000000000000000
100  0.9950000000000000  0.0000000000000000
